0 0.848611 0.342187 0.122222 0.035937
3 0.180556 0.612891 0.358333 0.121094
0 0.655556 0.550781 0.330556 0.107813
0 0.836806 0.476953 0.309722 0.088281
0 0.609028 0.442188 0.340278 0.103125
0 0.177778 0.533594 0.352778 0.104688
0 0.152778 0.491016 0.294444 0.078906
0 0.165278 0.435156 0.327778 0.092188
0 0.211806 0.380859 0.295833 0.085156
0 0.543750 0.350000 0.279167 0.084375
0 0.806944 0.365234 0.300000 0.092969
0 0.941667 0.399219 0.116667 0.070312
0 0.968750 0.312500 0.062500 0.065625
0 0.966667 0.173047 0.066667 0.075781
0 0.970833 0.064844 0.058333 0.050000
