0 0.473611 0.226953 0.108333 0.039844
0 0.397222 0.257031 0.119444 0.046875
0 0.252778 0.023438 0.050000 0.029687
0 0.761111 0.104688 0.091667 0.031250
0 0.327778 0.019531 0.061111 0.025000
6 0.018056 0.051953 0.033333 0.030469
0 0.562500 0.492578 0.188889 0.071094
0 0.855556 0.068750 0.077778 0.021875
0 0.232639 0.005078 0.051389 0.008594
0 0.647222 0.426563 0.230556 0.079687
0 0.765278 0.351172 0.116667 0.039844
0 0.829167 0.310937 0.100000 0.042188
0 0.155556 0.732031 0.211111 0.103125
0 0.509028 0.218750 0.109722 0.037500
0 0.884028 0.255859 0.056944 0.025781
0 0.919444 0.239453 0.113889 0.033594
0 0.812500 0.086719 0.088889 0.023438
0 0.901389 0.048047 0.069444 0.019531
0 0.924306 0.043359 0.059722 0.019531
0 0.939583 0.032422 0.065278 0.021094
