0 0.954167 0.370312 0.091667 0.043750
0 0.489583 0.453516 0.187500 0.057031
0 0.690972 0.316406 0.134722 0.045312
0 0.799306 0.350391 0.145833 0.053906
0 0.095139 0.501172 0.187500 0.064844
0 0.916667 0.297656 0.150000 0.045312
0 0.468056 0.382422 0.197222 0.046094
0 0.434722 0.338672 0.147222 0.046094
0 0.163194 0.417578 0.218056 0.063281
0 0.115972 0.374609 0.187500 0.047656
0 0.577778 0.350391 0.180556 0.050781
0 0.806250 0.416797 0.184722 0.052344
0 0.940972 0.169922 0.098611 0.035156
0 0.393056 0.428125 0.194444 0.057813
