0 0.404167 0.295312 0.183333 0.050000
2 0.750694 0.087891 0.120833 0.041406
0 0.769444 0.262891 0.166667 0.038281
0 0.784028 0.289844 0.173611 0.037500
0 0.176389 0.226562 0.169444 0.050000
0 0.126389 0.341406 0.166667 0.048438
0 0.081944 0.320312 0.161111 0.059375
0 0.250000 0.365234 0.213889 0.057031
0 0.336111 0.417578 0.236111 0.053906
0 0.069444 0.415234 0.136111 0.053906
6 0.524306 0.455078 0.248611 0.080469
2 0.769444 0.350000 0.341667 0.101562
0 0.630556 0.317969 0.138889 0.050000
0 0.935417 0.298047 0.129167 0.049219
0 0.982639 0.263672 0.034722 0.033594
