0 0.462500 0.351172 0.202778 0.047656
2 0.561806 0.169922 0.145833 0.049219
0 0.665972 0.353906 0.184722 0.046875
0 0.736111 0.244922 0.147222 0.042969
0 0.572222 0.283203 0.152778 0.044531
0 0.179167 0.311328 0.194444 0.049219
0 0.700000 0.293359 0.161111 0.049219
0 0.393750 0.269922 0.193056 0.050781
0 0.857639 0.276562 0.118056 0.042188
0 0.421528 0.320703 0.181944 0.047656
3 0.918056 0.308203 0.163889 0.097656
0 0.395139 0.191797 0.151389 0.038281
0 0.883333 0.169922 0.133333 0.036719
0 0.068056 0.385547 0.133333 0.055469
0 0.110417 0.345313 0.218056 0.053125
0 0.030556 0.431250 0.058333 0.045312
