0 0.218056 0.659375 0.150000 0.100000
0 0.936806 0.127344 0.115278 0.031250
0 0.084028 0.639844 0.165278 0.100000
0 0.268056 0.042969 0.094444 0.026562
0 0.669444 0.069141 0.100000 0.025781
0 0.766667 0.748047 0.144444 0.160156
0 0.974306 0.067187 0.043056 0.025000
0 0.843056 0.009766 0.083333 0.017969
2 0.085417 0.043750 0.112500 0.037500
0 0.949306 0.005469 0.087500 0.009375
0 0.618056 0.714063 0.130556 0.137500
0 0.474306 0.693750 0.145833 0.115625
0 0.518056 0.005078 0.080556 0.008594
0 0.751389 0.005469 0.086111 0.009375
0 0.020139 0.345313 0.037500 0.050000
