0 0.675694 0.401562 0.326389 0.078125
0 0.954167 0.373437 0.086111 0.062500
0 0.337500 0.284375 0.250000 0.067187
0 0.102083 0.326562 0.201389 0.065625
0 0.546528 0.316406 0.381944 0.106250
0 0.078472 0.244531 0.154167 0.064062
0 0.802083 0.258203 0.218056 0.047656
0 0.902778 0.294922 0.194444 0.066406
0 0.500000 0.244141 0.236111 0.057031
0 0.525000 0.220703 0.244444 0.053906
0 0.843056 0.238281 0.222222 0.050000
0 0.384722 0.108594 0.208333 0.040625
0 0.779167 0.035937 0.155556 0.034375
0 0.113194 0.221484 0.198611 0.057031
0 0.109028 0.188281 0.215278 0.057813
0 0.459028 0.272266 0.206944 0.049219
