0 0.547222 0.430469 0.105556 0.045312
0 0.634028 0.353906 0.106944 0.042188
0 0.708333 0.466016 0.144444 0.042969
0 0.774306 0.443359 0.123611 0.035156
0 0.793056 0.422656 0.147222 0.034375
0 0.862500 0.408203 0.127778 0.035156
0 0.890278 0.391797 0.147222 0.035156
0 0.928472 0.373047 0.129167 0.038281
0 0.954861 0.353906 0.090278 0.031250
0 0.461111 0.410547 0.125000 0.044531
0 0.120139 0.076172 0.076389 0.021094
0 0.194444 0.086328 0.069444 0.027344
0 0.267361 0.079687 0.062500 0.026562
0 0.395139 0.058984 0.059722 0.021094
0 0.447917 0.052344 0.056944 0.020313
0 0.506944 0.039062 0.066667 0.023438
0 0.609722 0.025391 0.050000 0.019531
0 0.318056 0.042969 0.075000 0.023438
0 0.222222 0.048438 0.072222 0.020313
0 0.182639 0.053125 0.062500 0.017188
0 0.135417 0.058203 0.065278 0.016406
0 0.031250 0.076172 0.059722 0.024219
0 0.402083 0.023828 0.065278 0.016406
0 0.372917 0.026562 0.068056 0.025000
0 0.436806 0.019531 0.062500 0.015625
0 0.463889 0.013672 0.061111 0.019531
0 0.330556 0.070703 0.063889 0.024219
0 0.336111 0.057031 0.072222 0.021875
0 0.659722 0.017578 0.047222 0.019531
0 0.702083 0.011328 0.054167 0.016406
