0 0.709028 0.221484 0.145833 0.049219
0 0.893750 0.231250 0.148611 0.037500
0 0.861111 0.253906 0.172222 0.048438
0 0.527083 0.285938 0.181944 0.048438
0 0.456250 0.157812 0.137500 0.039062
0 0.646528 0.344922 0.212500 0.055469
0 0.440278 0.419531 0.252778 0.068750
0 0.952083 0.192188 0.095833 0.040625
0 0.215972 0.128906 0.151389 0.040625
0 0.965972 0.294141 0.068056 0.057031
0 0.890972 0.278906 0.173611 0.051562
3 0.675694 0.108984 0.298611 0.075781
0 0.327778 0.255469 0.197222 0.045312
0 0.138194 0.301953 0.206944 0.038281
2 0.253472 0.360547 0.401389 0.116406
