0 0.668750 0.331641 0.159722 0.046094
0 0.433333 0.324219 0.155556 0.050000
0 0.781250 0.280859 0.134722 0.036719
0 0.136111 0.262891 0.080556 0.032031
0 0.057639 0.240625 0.109722 0.035937
0 0.586111 0.188672 0.105556 0.027344
0 0.093056 0.232422 0.100000 0.028906
0 0.268750 0.247266 0.143056 0.024219
0 0.311806 0.244531 0.104167 0.025000
0 0.480556 0.274219 0.147222 0.035937
0 0.595833 0.266797 0.152778 0.041406
0 0.515278 0.248047 0.119444 0.028906
0 0.631944 0.307031 0.141667 0.039062
0 0.720833 0.298828 0.133333 0.036719
2 0.820833 0.265625 0.147222 0.039062
3 0.940972 0.336719 0.118056 0.067187
2 0.259028 0.289062 0.206944 0.070312
3 0.927778 0.187500 0.144444 0.050000
0 0.939583 0.220312 0.120833 0.023438
0 0.659722 0.182812 0.086111 0.025000
