0 0.749306 0.330469 0.156944 0.048438
0 0.502778 0.323047 0.163889 0.046094
2 0.830556 0.264844 0.158333 0.040625
0 0.129167 0.254688 0.091667 0.037500
0 0.069444 0.237500 0.105556 0.028125
0 0.943056 0.321094 0.108333 0.037500
0 0.280556 0.171094 0.108333 0.029687
2 0.318056 0.285938 0.205556 0.078125
0 0.629167 0.263281 0.144444 0.040625
3 0.040278 0.270703 0.077778 0.060156
0 0.427083 0.170313 0.048611 0.021875
0 0.911806 0.204687 0.131944 0.028125
0 0.518056 0.196875 0.108333 0.021875
3 0.643056 0.175000 0.255556 0.053125
0 0.829861 0.279687 0.143056 0.032813
0 0.776389 0.298438 0.141667 0.032813
0 0.695139 0.306641 0.154167 0.038281
0 0.488889 0.273047 0.152778 0.039844
0 0.533333 0.247266 0.141667 0.036719
0 0.112500 0.228906 0.108333 0.026562
0 0.273611 0.245312 0.122222 0.029687
