0 0.647222 0.333984 0.161111 0.041406
0 0.915278 0.345703 0.169444 0.041406
0 0.293056 0.258594 0.125000 0.040625
0 0.168056 0.187500 0.091667 0.028125
2 0.424306 0.301563 0.218056 0.078125
3 0.107639 0.285938 0.212500 0.062500
0 0.352778 0.249219 0.113889 0.034375
0 0.568056 0.258203 0.144444 0.039844
0 0.880556 0.320703 0.155556 0.039844
0 0.934028 0.307031 0.131944 0.035937
0 0.925000 0.288281 0.150000 0.042188
2 0.840972 0.268359 0.151389 0.039844
0 0.711806 0.277344 0.165278 0.039062
0 0.588194 0.205859 0.115278 0.024219
0 0.386806 0.192188 0.090278 0.029687
0 0.093056 0.245703 0.119444 0.028906
0 0.172917 0.242969 0.104167 0.026562
