0 0.797222 0.248828 0.238889 0.058594
6 0.329167 0.314063 0.369444 0.106250
0 0.749306 0.325781 0.301389 0.070312
0 0.705556 0.365625 0.305556 0.075000
0 0.243056 0.372656 0.297222 0.084375
0 0.087500 0.279687 0.172222 0.065625
0 0.060417 0.199219 0.118056 0.051562
0 0.161806 0.264844 0.218056 0.060937
0 0.297222 0.240625 0.225000 0.059375
0 0.495833 0.225000 0.222222 0.059375
0 0.600694 0.254688 0.231944 0.050000
0 0.605556 0.279297 0.277778 0.061719
0 0.968056 0.282813 0.063889 0.059375
0 0.741667 0.142969 0.219444 0.046875
0 0.695139 0.042969 0.151389 0.035937
0 0.381944 0.080078 0.166667 0.038281
