0 0.520139 0.326172 0.165278 0.046094
0 0.770139 0.335156 0.162500 0.045312
3 0.045833 0.273438 0.088889 0.064062
0 0.132639 0.260547 0.093056 0.033594
0 0.222222 0.172266 0.091667 0.030469
0 0.187500 0.281641 0.083333 0.039844
2 0.833333 0.268359 0.152778 0.039844
2 0.328472 0.291016 0.209722 0.075781
3 0.563889 0.177734 0.263889 0.047656
0 0.843750 0.285547 0.145833 0.038281
0 0.956250 0.323828 0.087500 0.032031
0 0.783333 0.300391 0.163889 0.038281
0 0.712500 0.312109 0.158333 0.039844
0 0.634028 0.270313 0.170833 0.042188
0 0.540972 0.253125 0.145833 0.040625
0 0.484722 0.275391 0.166667 0.041406
0 0.273611 0.250000 0.127778 0.031250
0 0.072222 0.241406 0.119444 0.029687
0 0.125694 0.235547 0.093056 0.028906
0 0.444444 0.198437 0.108333 0.026562
0 0.833333 0.207031 0.130556 0.025000
0 0.332639 0.170703 0.062500 0.025781
