0 0.570139 0.203906 0.134722 0.045312
0 0.270833 0.146094 0.183333 0.040625
0 0.529861 0.171484 0.212500 0.053906
0 0.174306 0.160156 0.176389 0.045312
0 0.047222 0.171484 0.091667 0.058594
0 0.056944 0.133594 0.111111 0.042188
0 0.254861 0.051953 0.170833 0.036719
0 0.256250 0.022266 0.168056 0.042969
0 0.671528 0.040625 0.170833 0.050000
0 0.875000 0.158984 0.250000 0.053906
0 0.888889 0.200781 0.222222 0.059375
0 0.775694 0.243359 0.362500 0.127344
0 0.115972 0.260937 0.229167 0.075000
3 0.281250 0.223438 0.351389 0.098437
