0 0.564583 0.389453 0.329167 0.080469
0 0.104861 0.322266 0.206944 0.064844
0 0.934028 0.368359 0.131944 0.063281
0 0.528472 0.315234 0.387500 0.102344
0 0.890972 0.291406 0.218056 0.078125
0 0.787500 0.257812 0.216667 0.046875
0 0.844444 0.236328 0.222222 0.049219
0 0.525000 0.218359 0.238889 0.055469
0 0.479861 0.239063 0.237500 0.056250
0 0.438194 0.272656 0.212500 0.054688
0 0.310417 0.282422 0.245833 0.063281
0 0.070833 0.241016 0.138889 0.060156
0 0.100694 0.216406 0.198611 0.051562
0 0.109028 0.187891 0.215278 0.053906
0 0.490972 0.110937 0.134722 0.045312
3 0.265972 0.082031 0.259722 0.059375
6 0.525694 0.313672 0.387500 0.102344
