0 0.304861 0.037109 0.070833 0.028906
0 0.549306 0.419922 0.123611 0.044531
0 0.631944 0.343359 0.116667 0.046094
0 0.808333 0.426953 0.152778 0.039844
0 0.875694 0.405078 0.126389 0.038281
0 0.900000 0.385156 0.155556 0.035937
0 0.420139 0.409375 0.137500 0.046875
0 0.953472 0.368750 0.093056 0.034375
0 0.965278 0.341797 0.069444 0.021094
0 0.075000 0.034375 0.088889 0.025000
0 0.135417 0.026953 0.070833 0.024219
0 0.231250 0.028906 0.079167 0.029687
0 0.373611 0.030469 0.063889 0.028125
0 0.441667 0.020313 0.063889 0.021875
0 0.505556 0.011328 0.058333 0.021094
0 0.248611 0.010156 0.075000 0.017188
0 0.292361 0.006250 0.065278 0.010937
