0 0.568056 0.283203 0.316667 0.069531
0 0.060417 0.126953 0.118056 0.053906
0 0.029861 0.230469 0.056944 0.043750
0 0.888194 0.330469 0.223611 0.090625
0 0.584722 0.054688 0.202778 0.053125
0 0.202083 0.155078 0.201389 0.055469
0 0.306250 0.133594 0.220833 0.059375
0 0.155556 0.216406 0.230556 0.064062
0 0.231944 0.186328 0.236111 0.067969
0 0.198611 0.247656 0.258333 0.073438
0 0.516667 0.229297 0.252778 0.057031
0 0.668750 0.210156 0.279167 0.068750
0 0.540972 0.173828 0.220833 0.050781
0 0.707639 0.156641 0.234722 0.063281
0 0.915278 0.187500 0.169444 0.059375
