0 0.448611 0.322266 0.163889 0.046094
0 0.683333 0.331641 0.163889 0.041406
0 0.794444 0.284375 0.138889 0.037500
0 0.550694 0.184375 0.170833 0.031250
0 0.131250 0.266016 0.084722 0.039844
2 0.271528 0.287500 0.201389 0.076563
3 0.888194 0.183984 0.223611 0.049219
0 0.841667 0.212500 0.127778 0.018750
3 0.947222 0.332422 0.105556 0.063281
0 0.879167 0.319922 0.075000 0.030469
2 0.820833 0.264844 0.147222 0.042188
0 0.597222 0.262891 0.163889 0.039844
0 0.637500 0.305078 0.138889 0.030469
0 0.482639 0.271094 0.148611 0.034375
0 0.515972 0.245312 0.126389 0.029687
0 0.054861 0.240234 0.106944 0.035156
0 0.264583 0.243359 0.129167 0.025781
