0 0.870139 0.126172 0.131944 0.038281
0 0.922222 0.311719 0.152778 0.054688
0 0.871528 0.223828 0.140278 0.042969
0 0.746528 0.272266 0.170833 0.053906
0 0.147917 0.098437 0.129167 0.035937
0 0.497917 0.292578 0.156944 0.063281
0 0.638194 0.235156 0.145833 0.046875
0 0.237500 0.384375 0.244444 0.060937
0 0.406250 0.176953 0.126389 0.039844
0 0.150694 0.350781 0.223611 0.056250
0 0.622917 0.341797 0.187500 0.063281
0 0.314583 0.264844 0.195833 0.045312
0 0.656944 0.253125 0.172222 0.045312
0 0.618056 0.306250 0.186111 0.043750
0 0.270833 0.314063 0.233333 0.062500
0 0.048611 0.312891 0.094444 0.041406
0 0.047222 0.285156 0.091667 0.035937
0 0.976389 0.248438 0.047222 0.046875
