0 0.203823 0.670271 0.173947 0.106846
0 0.762316 0.754312 0.160036 0.163704
0 0.077136 0.649706 0.154273 0.109397
0 0.350960 0.068582 0.110356 0.034152
0 0.469826 0.104805 0.100050 0.027428
0 0.554772 0.011557 0.073844 0.022023
0 0.542874 0.090803 0.100546 0.026732
0 0.919807 0.015747 0.096834 0.029564
0 0.215673 0.326039 0.067742 0.017546
0 0.376249 0.007491 0.094228 0.014204
0 0.712130 0.011199 0.048100 0.021882
0 0.787717 0.014679 0.048136 0.027815
0 0.463638 0.346038 0.070606 0.020953
0 0.972249 0.375322 0.050663 0.020429
0 0.686199 0.358128 0.071781 0.020068
0 0.675113 0.008066 0.102600 0.015183
0 0.469715 0.008514 0.103948 0.016786
0 0.260499 0.005743 0.084112 0.010957
