0 0.350694 0.296484 0.273611 0.069531
0 0.915278 0.060937 0.169444 0.050000
0 0.347917 0.078516 0.204167 0.044531
0 0.205556 0.314453 0.305556 0.089844
0 0.293750 0.245312 0.245833 0.062500
0 0.464583 0.225391 0.270833 0.066406
0 0.605556 0.184375 0.250000 0.064062
0 0.808333 0.216016 0.241667 0.058594
0 0.934028 0.206250 0.131944 0.045312
0 0.077083 0.200000 0.151389 0.062500
0 0.079167 0.166797 0.155556 0.055469
0 0.237500 0.155078 0.222222 0.053906
0 0.385417 0.191797 0.212500 0.053906
0 0.084722 0.260156 0.166667 0.060937
6 0.925000 0.314453 0.150000 0.088281
0 0.856944 0.277734 0.277778 0.069531
