0 0.774306 0.330859 0.112500 0.032031
0 0.429861 0.384766 0.137500 0.038281
0 0.675000 0.316797 0.102778 0.033594
0 0.949306 0.259766 0.070833 0.035156
0 0.356944 0.248828 0.105556 0.030469
0 0.844444 0.283594 0.094444 0.031250
0 0.726389 0.280078 0.100000 0.032031
0 0.447222 0.330078 0.133333 0.046094
0 0.578472 0.294141 0.093056 0.030469
0 0.409722 0.307031 0.113889 0.034375
0 0.647222 0.353516 0.122222 0.046094
0 0.145833 0.415234 0.169444 0.049219
0 0.110417 0.253906 0.109722 0.032813
0 0.346528 0.364844 0.070833 0.037500
0 0.883333 0.789062 0.233333 0.092188
0 0.893750 0.185156 0.065278 0.020313
0 0.863194 0.296875 0.087500 0.028125
0 0.261806 0.355078 0.151389 0.039844
0 0.188194 0.327344 0.134722 0.032813
0 0.079861 0.369531 0.156944 0.037500
0 0.081944 0.394531 0.161111 0.043750
