0 0.511806 0.098437 0.112500 0.031250
0 0.766667 0.746094 0.138889 0.157812
0 0.616667 0.721484 0.127778 0.155469
0 0.463194 0.698438 0.143056 0.117188
0 0.209722 0.664453 0.152778 0.103906
0 0.080556 0.642188 0.158333 0.100000
0 0.402083 0.062500 0.109722 0.031250
0 0.599306 0.085938 0.101389 0.026562
0 0.546528 0.006641 0.073611 0.011719
0 0.764583 0.012109 0.079167 0.017969
0 0.911806 0.010156 0.084722 0.018750
0 0.706944 0.005859 0.050000 0.010156
0 0.449306 0.006641 0.068056 0.011719
0 0.017361 0.346875 0.031944 0.042188
