0 0.774306 0.751563 0.131944 0.157812
0 0.221528 0.666797 0.148611 0.099219
0 0.087500 0.644531 0.172222 0.098437
0 0.800694 0.068750 0.106944 0.028125
0 0.400694 0.090625 0.109722 0.031250
0 0.974306 0.013281 0.048611 0.021875
2 0.652778 0.073828 0.119444 0.039844
0 0.911806 0.015234 0.095833 0.024219
0 0.721528 0.011719 0.056944 0.018750
0 0.421528 0.007422 0.068056 0.013281
0 0.530556 0.007422 0.083333 0.013281
0 0.880556 0.008203 0.075000 0.014844
0 0.605556 0.004297 0.072222 0.007031
0 0.626389 0.721875 0.127778 0.140625
0 0.476389 0.701172 0.161111 0.117969
0 0.696528 0.008594 0.081944 0.015625
0 0.261806 0.005469 0.068056 0.009375
0 0.025000 0.353906 0.047222 0.056250
