0 0.837500 0.289844 0.202778 0.053125
2 0.486806 0.098437 0.201389 0.062500
0 0.386806 0.220703 0.106944 0.038281
0 0.661806 0.194922 0.184722 0.049219
0 0.901389 0.218750 0.197222 0.053125
0 0.846528 0.253906 0.195833 0.048438
2 0.955556 0.201172 0.088889 0.038281
0 0.634028 0.222266 0.176389 0.042969
2 0.553472 0.250000 0.268056 0.096875
0 0.371528 0.200391 0.154167 0.042969
0 0.199306 0.181250 0.156944 0.034375
0 0.119444 0.187891 0.130556 0.032031
3 0.180556 0.237109 0.263889 0.077344
0 0.785417 0.104297 0.131944 0.035156
0 0.740972 0.128125 0.151389 0.028125
0 0.032639 0.201953 0.062500 0.041406
0 0.040278 0.170703 0.077778 0.036719
0 0.418056 0.188672 0.127778 0.032031
