0 0.402778 0.203906 0.180556 0.053125
0 0.199306 0.124219 0.143056 0.042188
0 0.293056 0.171484 0.133333 0.044531
0 0.076389 0.166406 0.150000 0.037500
0 0.763194 0.149219 0.154167 0.045312
0 0.675694 0.139063 0.162500 0.050000
0 0.765278 0.222266 0.169444 0.052344
0 0.496528 0.165625 0.156944 0.040625
0 0.434028 0.099219 0.134722 0.043750
0 0.831250 0.751172 0.337500 0.128906
0 0.872917 0.111328 0.123611 0.042969
0 0.656944 0.071484 0.122222 0.038281
0 0.570139 0.014063 0.109722 0.026562
0 0.541667 0.111719 0.133333 0.043750
0 0.740278 0.106641 0.155556 0.047656
0 0.818056 0.073438 0.119444 0.032813
0 0.404167 0.148828 0.144444 0.041406
0 0.062500 0.198047 0.122222 0.046094
0 0.032639 0.226953 0.062500 0.035156
0 0.052778 0.321875 0.102778 0.065625
0 0.807639 0.057422 0.115278 0.032031
0 0.956944 0.032813 0.083333 0.040625
0 0.979167 0.071484 0.041667 0.025781
0 0.979167 0.094141 0.041667 0.025781
