0 0.535417 0.329297 0.165278 0.041406
3 0.052083 0.274219 0.101389 0.064062
0 0.946528 0.217188 0.101389 0.028125
0 0.195833 0.282813 0.083333 0.037500
0 0.790278 0.337500 0.161111 0.050000
2 0.338194 0.293359 0.209722 0.077344
0 0.074306 0.240625 0.115278 0.028125
0 0.136806 0.262500 0.104167 0.031250
3 0.497222 0.173437 0.211111 0.050000
0 0.722917 0.203906 0.118056 0.025000
0 0.322917 0.192188 0.062500 0.023438
0 0.285417 0.169922 0.104167 0.021094
0 0.129167 0.234766 0.105556 0.025781
0 0.278472 0.251172 0.129167 0.032031
0 0.343056 0.243750 0.111111 0.034375
0 0.486806 0.275000 0.143056 0.037500
0 0.636806 0.267969 0.159722 0.039062
0 0.722917 0.309375 0.145833 0.040625
0 0.799306 0.302344 0.140278 0.039062
0 0.849306 0.286719 0.156944 0.040625
2 0.836111 0.264062 0.152778 0.032813
0 0.965278 0.325000 0.069444 0.043750
0 0.947917 0.196094 0.104167 0.028125
0 0.533333 0.251563 0.119444 0.031250
