0 0.959028 0.272656 0.081944 0.040625
0 0.603472 0.339844 0.193056 0.048438
0 0.082639 0.302734 0.148611 0.049219
0 0.800000 0.346094 0.186111 0.048438
0 0.815278 0.287500 0.163889 0.048438
0 0.543056 0.257422 0.188889 0.050781
0 0.884028 0.238281 0.151389 0.037500
0 0.706944 0.276172 0.138889 0.046094
2 0.526389 0.170703 0.150000 0.046094
0 0.831944 0.170703 0.144444 0.036719
0 0.313194 0.200000 0.170833 0.042188
0 0.555556 0.312891 0.194444 0.050781
0 0.330556 0.303906 0.208333 0.056250
0 0.239583 0.337109 0.215278 0.050781
0 0.185417 0.375781 0.206944 0.057813
0 0.117361 0.418359 0.184722 0.063281
