0 0.931250 0.321875 0.137500 0.051562
0 0.965972 0.350000 0.068056 0.048438
0 0.872917 0.303125 0.187500 0.048438
0 0.614583 0.294531 0.181944 0.045312
0 0.710417 0.207813 0.159722 0.039062
0 0.667361 0.370312 0.198611 0.056250
0 0.627083 0.410938 0.223611 0.057813
0 0.677083 0.340234 0.215278 0.052344
0 0.520139 0.324609 0.165278 0.052344
0 0.401389 0.360547 0.236111 0.058594
0 0.218750 0.326172 0.187500 0.044531
0 0.154861 0.451562 0.237500 0.062500
0 0.123611 0.414062 0.244444 0.059375
0 0.065278 0.364453 0.127778 0.052344
