0 0.790972 0.290234 0.190278 0.049219
0 0.820833 0.136719 0.150000 0.039062
0 0.359722 0.223438 0.094444 0.040625
2 0.559722 0.108984 0.205556 0.061719
3 0.162500 0.239453 0.250000 0.074219
0 0.789583 0.255078 0.187500 0.050781
0 0.855556 0.222656 0.197222 0.053125
2 0.931944 0.214062 0.136111 0.050000
0 0.863194 0.114453 0.134722 0.033594
0 0.596528 0.224609 0.165278 0.044531
0 0.632639 0.197266 0.184722 0.046094
0 0.345139 0.201563 0.145833 0.035937
0 0.188194 0.186328 0.140278 0.033594
0 0.111806 0.191406 0.131944 0.031250
2 0.524306 0.253906 0.256944 0.090625
