0 0.742361 0.748437 0.143056 0.153125
0 0.663194 0.067187 0.093056 0.028125
0 0.198611 0.665625 0.150000 0.100000
0 0.072917 0.649609 0.143056 0.113281
0 0.860417 0.015625 0.098611 0.028125
0 0.438194 0.008203 0.073611 0.014844
0 0.584722 0.006641 0.083333 0.011719
0 0.689583 0.011328 0.065278 0.021094
0 0.935417 0.022656 0.084722 0.018750
0 0.293750 0.006641 0.073611 0.011719
0 0.458333 0.704297 0.147222 0.117969
0 0.599306 0.721094 0.123611 0.140625
0 0.820833 0.008984 0.075000 0.016406
0 0.646528 0.015625 0.073611 0.015625
0 0.470139 0.007031 0.076389 0.012500
