0 0.716667 0.316797 0.169444 0.052344
0 0.347917 0.254688 0.076389 0.042188
0 0.681944 0.156641 0.194444 0.049219
0 0.173611 0.272266 0.225000 0.061719
0 0.492361 0.287109 0.220833 0.075781
0 0.340972 0.237891 0.123611 0.035156
0 0.956944 0.267188 0.080556 0.040625
0 0.946528 0.187891 0.106944 0.030469
0 0.963889 0.166406 0.072222 0.026562
0 0.168056 0.171875 0.105556 0.028125
0 0.040278 0.239063 0.077778 0.039062
0 0.561806 0.260937 0.143056 0.039062
0 0.602083 0.237109 0.156944 0.041406
0 0.782639 0.257812 0.173611 0.042188
0 0.052083 0.214453 0.101389 0.033594
0 0.207639 0.225391 0.120833 0.028906
0 0.138889 0.232031 0.119444 0.034375
0 0.384722 0.233203 0.138889 0.035156
0 0.703472 0.286328 0.154167 0.044531
0 0.960417 0.328516 0.079167 0.041406
0 0.963194 0.303125 0.073611 0.032813
