0 0.455556 0.369141 0.141667 0.033594
0 0.046528 0.323437 0.090278 0.046875
0 0.205556 0.345703 0.138889 0.047656
0 0.636806 0.390234 0.159722 0.050781
0 0.876389 0.236719 0.102778 0.029687
0 0.931944 0.407422 0.133333 0.071094
0 0.711806 0.352344 0.143056 0.032813
0 0.118056 0.300391 0.080556 0.024219
0 0.913194 0.361328 0.170833 0.042969
0 0.893056 0.380078 0.138889 0.036719
3 0.281944 0.324609 0.311111 0.089844
0 0.826389 0.284766 0.111111 0.022656
2 0.550694 0.328516 0.131944 0.042969
0 0.585417 0.350781 0.131944 0.037500
0 0.715972 0.350781 0.123611 0.031250
0 0.875694 0.297266 0.106944 0.025781
0 0.447222 0.319141 0.038889 0.019531
