3 0.528472 0.088281 0.173611 0.050000
0 0.314583 0.484766 0.223611 0.055469
0 0.189583 0.673047 0.151389 0.102344
0 0.888194 0.073047 0.093056 0.025781
0 0.739583 0.733203 0.137500 0.139844
0 0.068056 0.650000 0.133333 0.110937
0 0.772917 0.583594 0.226389 0.078125
0 0.770139 0.005859 0.090278 0.010156
0 0.845139 0.016797 0.065278 0.017969
0 0.595833 0.007031 0.077778 0.012500
0 0.509722 0.008984 0.083333 0.016406
0 0.903472 0.007031 0.079167 0.012500
0 0.853472 0.011328 0.081944 0.017969
0 0.416667 0.004687 0.072222 0.007812
0 0.591667 0.716797 0.122222 0.138281
0 0.447222 0.699219 0.144444 0.114062
0 0.024306 0.047266 0.045833 0.027344
0 0.696528 0.013281 0.087500 0.017188
0 0.985417 0.019141 0.029167 0.016406
0 0.356250 0.006641 0.076389 0.011719
0 0.169444 0.005078 0.077778 0.008594
