0 0.943056 0.572656 0.105556 0.065625
0 0.022222 0.400391 0.041667 0.053906
0 0.422917 0.566406 0.226389 0.068750
0 0.623611 0.519531 0.191667 0.059375
0 0.948611 0.422656 0.094444 0.050000
0 0.976389 0.522656 0.044444 0.051562
0 0.102778 0.518750 0.202778 0.062500
0 0.823611 0.555469 0.191667 0.075000
0 0.807639 0.480859 0.195833 0.058594
2 0.810417 0.230078 0.156944 0.058594
0 0.543750 0.588281 0.229167 0.053125
0 0.578472 0.613281 0.234722 0.034375
0 0.120833 0.566406 0.238889 0.068750
0 0.428472 0.498047 0.204167 0.064844
0 0.547222 0.466406 0.172222 0.046875
