0 0.772917 0.112109 0.173611 0.049219
0 0.747917 0.375391 0.304167 0.063281
0 0.034028 0.338672 0.065278 0.036719
0 0.363194 0.129688 0.198611 0.043750
0 0.107639 0.284375 0.212500 0.071875
0 0.440972 0.392188 0.298611 0.085938
0 0.819444 0.334766 0.294444 0.069531
0 0.795139 0.253125 0.234722 0.053125
0 0.660417 0.290625 0.287500 0.068750
0 0.632639 0.261328 0.223611 0.042969
0 0.499306 0.235547 0.240278 0.058594
0 0.318056 0.244141 0.219444 0.060156
0 0.209028 0.271094 0.204167 0.059375
6 0.356944 0.317188 0.380556 0.096875
0 0.030556 0.226562 0.058333 0.043750
0 0.057639 0.201563 0.112500 0.054688
